,P_0,P_1,P_10,P_11,P_12,P_13,P_14,P_15,P_16,P_17,P_18,P_19,P_2,P_20,P_21,P_22,P_23,P_24,P_25,P_26,P_27,P_28,P_29,P_3,P_30,P_31,P_32,P_33,P_34,P_35,P_36,P_37,P_38,P_39,P_4,P_40,P_41,P_42,P_43,P_44,P_45,P_46,P_47,P_48,P_49,P_5,P_50,P_51,P_52,P_53,P_54,P_55,P_56,P_57,P_58,P_59,P_6,P_60,P_61,P_62,P_63,P_64,P_65,P_66,P_67,P_68,P_69,P_7,P_70,P_71,P_72,P_73,P_74,P_75,P_76,P_77,P_78,P_79,P_8,P_80,P_81,P_82,P_83,P_84,P_85,P_86,P_87,P_88,P_89,P_9,P_90,P_91,P_92,P_93,P_94,P_95,P_96,P_97,P_98,P_99
P_0,1.0,0.0,0.044277,0.170036,0.013053,0.0,0.0,0.0,0.051897,0.062071,0.0,0.0,0.025681,0.0,0.0,0.0,0.0,0.104211,0.0,0.0,0.0,0.0,0.120534,0.106337,0.016827,0.0,0.171062,0.0,0.0,0.02973,0.0,0.0,0.068572,0.0,0.0,0.209163,0.014333,0.0,0.0,0.0,0.0,0.0,0.012821,0.092452,0.0,0.098849,0.0,0.0,0.0,0.0,0.175689,0.0,0.0,0.03643,0.0,0.027523,0.0,0.0,0.0,0.0,0.009773,0.0,0.0,0.0,0.150593,0.0,0.135964,0.058228,0.0,0.046631,0.0,0.0,0.0,0.0,0.0,0.041219,0.104597,0.0,0.122253,0.0,0.0,0.0,0.0,0.0,0.0,0.020099,0.0,0.093718,0.0,0.0,0.0,0.0,0.010633,0.0,0.0,0.0,0.149624,0.0,0.038132,0.00589
P_1,0.0,1.0,0.0,0.0,0.096727,0.0,0.009647,0.039448,0.0,0.0,0.101349,0.063236,0.0,0.025031,0.073373,0.0,0.0,0.0,0.0,0.0,0.296025,0.010009,0.006102,0.108918,0.090178,0.0,0.102073,0.014581,0.061833,0.106226,0.11026,0.0,0.0,0.007606,0.318086,0.0,0.0,0.025983,0.0,0.009002,0.064619,0.043509,0.0,0.0,0.090287,0.0,0.091014,0.053087,0.116187,0.0,0.105199,0.050066,0.100918,0.011103,0.231695,0.054992,0.080135,0.125025,0.035637,0.0,0.143335,0.00946,0.093969,0.016329,0.0,0.099712,0.0,0.0,0.0,0.010853,0.060068,0.12156,0.130194,0.098721,0.061726,0.020325,0.0,0.0,0.0,0.022054,0.015398,0.082634,0.179598,0.017144,0.040239,0.0,0.0,0.0,0.027068,0.066021,0.0,0.084355,0.0,0.0,0.050323,0.019188,0.015019,0.086442,0.101429,0.082315
P_10,0.044277,0.0,1.0,0.044079,0.095343,0.0,0.0,0.0,0.0,0.020372,0.0,0.0,0.008364,0.0,0.0,0.006575,0.0,0.098057,0.0,0.0,0.0,0.0,0.072114,0.060451,0.054653,0.0,0.086868,0.0,0.0,0.0,0.0,0.0,0.072879,0.0,0.0,0.018379,0.195248,0.0,0.0,0.0,0.0,0.0,0.0,0.045432,0.0,0.196341,0.0,0.0,0.0,0.003638,0.001666,0.0,0.0,0.0,0.0,0.011258,0.0,0.0,0.0,0.047006,0.0,0.0,0.044224,0.0,0.0,0.0,0.0,0.100606,0.0,0.0,0.0,0.0,0.0,0.0,0.0,0.176079,0.115895,0.0,0.0,0.0,0.0,0.0,0.0,0.0,0.0,0.0,0.0,0.037646,0.026919,0.0,0.027444,0.0,0.074826,0.0,0.0,0.0,0.0,0.0,0.0,0.0
P_11,0.170036,0.0,0.044079,1.0,0.0,0.0,0.0,0.0,0.050261,0.036552,0.0,0.0,0.025738,0.0,0.0,0.0,0.054734,0.04004,0.0,0.0,0.0,0.020677,0.042214,0.0,0.0394,0.0,0.0,0.0,0.0,0.0,0.0,0.02164,0.044565,0.01432,0.0,0.0,0.054026,0.0,0.0,0.0,0.0,0.0,0.026087,0.0,0.0,0.052993,0.0,0.0,0.0,0.0,0.054583,0.0,0.0,0.016027,0.0,0.0,0.0,0.0,0.090139,0.044449,0.124796,0.0,0.0,0.0,0.051847,0.0,0.090959,0.0476,0.0,0.055879,0.0,0.0,0.0,0.0,0.0,0.017346,0.026723,0.0,0.030524,0.0,0.0,0.0,0.0,0.0,0.0,0.030314,0.031197,0.0,0.015611,0.0,0.066543,0.0,0.051615,0.0,0.0,0.0,0.016058,0.0,0.0,0.0
P_12,0.013053,0.096727,0.095343,0.0,1.0,0.024804,0.0,0.0,0.0,0.015453,0.034513,0.100835,0.028025,0.033729,0.008019,0.0,0.060089,0.003442,0.0,0.011509,0.04559,0.0,0.03035,0.105436,0.049811,0.0,0.07129,0.0,0.0,0.005198,0.052934,0.0,0.0,0.01217,0.076747,0.011998,0.082384,0.0,0.0,0.0,0.0,0.0,0.02562,0.00831,0.026162,0.173565,0.0,0.060976,0.03276,0.0,0.039587,0.0,0.0,0.0,0.255983,0.129024,0.014879,0.0,0.013139,0.035529,0.026815,0.013803,0.033622,0.0,0.0,0.067542,0.0,0.10348,0.0,0.0,0.206396,0.101741,0.017083,0.006624,0.0,0.062781,0.027533,0.0,0.0,0.054869,0.0,0.016313,0.13863,0.0,0.009633,0.0,0.038047,0.021756,0.047268,0.0,0.0,0.0,0.084138,0.0,0.0,0.085973,0.005064,0.0,0.076714,0.006874
P_13,0.0,0.0,0.0,0.0,0.024804,1.0,0.052291,0.0,0.0,0.0,0.202172,0.012163,0.029506,0.0,0.0,0.05569,0.0,0.0,0.0,0.027958,0.078433,0.008527,0.095743,0.071088,0.07076,0.0,0.079291,0.0,0.167889,0.146516,0.104141,0.0,0.0,0.0,0.106292,0.052607,0.0,0.0,0.0,0.00278,0.0,0.0,0.00989,0.00411,0.046712,0.0,0.206396,0.0,0.075884,0.0,0.060926,0.0,0.0,0.030926,0.011118,0.03224,0.004122,0.34291,0.01806,0.0,0.121491,0.350745,0.00581,0.0,0.027643,0.164565,0.0,0.0,0.0,0.002534,0.003788,0.103548,0.196206,0.120175,0.062923,0.13193,0.0,0.125776,0.0,0.019278,0.0,0.123101,0.055774,0.0,0.0,0.0,0.0,0.0,0.0,0.0,0.0,0.0,0.0,0.0,0.194111,0.0,0.100628,0.04342,0.177726,0.195219
P_14,0.0,0.009647,0.0,0.0,0.0,0.052291,1.0,0.0,0.007358,0.0,0.0,0.0,0.0,0.024621,0.0,0.0,0.0,0.0,0.264175,0.075411,0.0,0.0,0.0,0.0,0.0,0.096772,0.0,0.090249,0.0,0.153818,0.0,0.021322,0.0,0.141468,0.0,0.0,0.0,0.004027,0.0,0.014956,0.041175,0.021543,0.085185,0.0,0.0,0.0,0.050545,0.0,0.0,0.0,0.0,0.013481,0.182821,0.0,0.0,0.0,0.146712,0.0,0.0,0.0,0.0,0.060733,0.025504,0.0,0.0,0.006787,0.030735,0.0,0.205193,0.090222,0.0,0.0,0.0,0.061406,0.082685,0.020149,0.0,0.033009,0.0,0.0,0.00957,0.0,0.0,0.074353,0.0,0.0,0.030952,0.0,0.010442,0.023419,0.0,0.023166,0.0,0.0,0.093008,0.0,0.006149,0.020932,0.0,0.018726
P_15,0.0,0.039448,0.0,0.0,0.0,0.0,0.0,1.0,0.004605,0.0,0.0,0.010852,0.033124,0.0,0.136851,0.0,0.0,0.0,0.096617,0.0,0.0,0.03955,0.003117,0.0,0.0,0.0,0.0,0.149867,0.0,0.029409,0.0,0.013753,0.0,0.091393,0.0,0.0,0.0,0.091479,0.0,0.079115,0.032524,0.072155,0.020283,0.0,0.048405,0.0,0.0,0.114589,0.0,0.019172,0.0,0.074572,0.061561,0.0,0.0,0.0,0.101329,0.0,0.070326,0.0,0.0,0.0,0.032524,0.026719,0.034872,0.001605,0.0,0.0,0.158687,0.070785,0.040141,0.0,0.0,0.015691,0.0,0.0,0.0,0.0,0.0,0.0,0.12554,0.0,0.044234,0.03521,0.13007,0.01382,0.011816,0.0,0.045967,0.059929,0.0,0.034854,0.0,0.0,0.0315,0.033964,0.005047,0.028305,0.0,0.0
P_16,0.051897,0.0,0.0,0.050261,0.0,0.0,0.007358,0.004605,1.0,0.031108,0.004922,0.0,0.152683,0.0,0.0,0.033641,0.007341,0.032829,0.016957,0.115667,0.0,0.0,0.088181,0.009764,0.020607,0.034978,0.102561,0.043578,0.0,0.029231,0.0,0.0398,0.023103,0.051182,0.015052,0.0,0.023469,0.0,0.018133,0.0,0.028201,0.0,0.11663,0.139066,0.0,0.0,0.0,0.0,0.014248,0.036584,0.051579,0.0,0.0,0.010096,0.0,0.05882,0.0,0.0,0.02844,0.013997,0.0,0.0,0.0,0.0,0.0,0.0,0.129484,0.066746,0.034975,0.113736,0.0,0.0,0.0,0.013884,0.0,0.047512,0.022526,0.034401,0.139737,0.0,0.016256,0.003265,0.0,0.0,0.0,0.022843,0.071439,0.07326,0.025083,0.0,0.0,0.0,0.0,0.0,0.062794,0.0,0.095299,0.015812,0.045002,0.086349
P_17,0.062071,0.0,0.020372,0.036552,0.015453,0.0,0.0,0.0,0.031108,1.0,0.0,0.0,0.011767,0.006725,0.0,0.0,0.188949,0.065926,0.0,0.0,0.0,0.06906,0.047416,0.058895,0.0,0.005027,0.020536,0.013818,0.0,0.0,0.0,0.092096,0.0,0.0,0.0,0.046558,0.077973,0.0,0.0,0.0,0.026609,0.0,0.085569,0.014975,0.0,0.0438,0.0,0.0,0.0,0.089649,0.031217,0.0,0.0,0.005825,0.0,0.033536,0.0,0.0,0.0,0.270076,0.0,0.0,0.021148,0.051714,0.0,0.0,0.0,0.057727,0.0,0.03187,0.0,0.0,0.0,0.0,0.0,0.017504,0.017427,0.0,0.002862,0.0,0.049349,0.0,0.0,0.0,0.0,0.0,0.106329,0.034196,0.067606,0.0,0.066191,0.0,0.073927,0.220194,0.0,0.0,0.00311,0.0,0.0,0.0
P_18,0.0,0.101349,0.0,0.0,0.034513,0.202172,0.0,0.0,0.004922,0.0,1.0,0.008167,0.006934,0.0,0.0,0.036067,0.0,0.01823,0.0,0.057578,0.037526,0.0,0.13953,0.075233,0.063091,0.005395,0.117108,0.0,0.20828,0.101003,0.092002,0.0,0.074607,0.0,0.103862,0.087761,0.009044,0.0,0.0,0.020212,0.0,0.0,0.007107,0.031876,0.052072,0.0,0.275077,0.005135,0.112596,0.0,0.092133,0.0,0.0,0.171714,0.109938,0.076564,0.014752,0.206891,0.060335,0.0,0.139571,0.117308,0.067266,0.0,0.0852,0.075683,0.004607,0.019034,0.002007,0.061431,0.044803,0.048514,0.266414,0.23323,0.046087,0.094293,0.013993,0.086319,0.002837,0.0,0.0,0.089714,0.054144,0.0,0.03778,0.056299,0.0,0.02556,0.0,0.0,0.0,0.0,0.0,0.0,0.170652,0.030892,0.102239,0.063061,0.193688,0.247705
P_19,0.0,0.063236,0.0,0.0,0.100835,0.012163,0.0,0.010852,0.0,0.0,0.008167,1.0,0.0,0.0,0.028277,0.0,0.0,0.0,0.0,0.0,0.196066,0.010263,0.0,0.112997,0.0978,0.0,0.040602,0.01682,0.0,0.0,0.065634,0.0,0.0,0.0,0.047427,0.0,0.0,0.033639,0.034011,0.042487,0.006375,0.011078,0.0,0.0,0.100853,0.0,0.0,0.111232,0.041281,0.0,0.013982,0.031929,0.011611,0.0,0.172163,0.079387,0.026025,0.004144,0.0,0.0,0.004742,0.026927,0.015597,0.0,0.0,0.190764,0.0,0.0,0.0,0.0,0.285075,0.187136,0.016229,0.008794,0.0,0.006224,0.0,0.0,0.0,0.092107,0.0,0.004879,0.060543,0.0,0.057538,0.0,0.0,0.0,0.001974,0.029747,0.0,0.025357,0.0,0.0,0.0,0.228813,0.0,0.0,0.074537,0.0
P_2,0.025681,0.0,0.008364,0.025738,0.028025,0.029506,0.0,0.033124,0.152683,0.011767,0.006934,0.0,1.0,0.0,0.0,0.142798,0.0,0.129153,0.012481,0.090065,0.008728,0.00896,0.081394,0.02278,0.0,0.013722,0.079065,0.0,0.05127,0.024003,0.0,0.010989,0.121085,0.030696,0.028864,0.168026,0.15039,0.0,0.022437,0.0,0.043737,0.0,0.056621,0.186217,0.0,0.13851,0.056772,0.0,0.031752,0.032157,0.183197,0.0,0.004098,0.178288,0.0,0.117086,0.0,0.042315,0.093452,0.024189,0.035915,0.010647,0.0,0.0,0.079392,0.001923,0.151299,0.020239,0.030042,0.099012,0.0,0.0,0.00639,0.092701,0.0,0.064302,0.080627,0.12038,0.048907,0.0,0.0,0.091255,0.0,0.0,0.0,0.077693,0.0,0.079693,0.0,0.0,0.0,0.0,0.001671,0.0,0.13292,0.0,0.176746,0.007436,0.027654,0.053498
P_20,0.0,0.025031,0.0,0.0,0.033729,0.0,0.024621,0.0,0.0,0.006725,0.0,0.0,0.0,1.0,0.186807,0.0,0.153745,0.0,0.0,0.0,0.0,0.0,0.0,0.0,0.0,0.0,0.0,0.0,0.0,0.008979,0.0,0.0,0.0,0.059374,0.0,0.0,0.0,0.105625,0.088618,0.053727,0.061812,0.037123,0.015153,0.0,0.113019,0.0,0.0,0.030578,0.0,0.0,0.0,0.117224,0.056346,0.0,0.0,0.0,0.010787,0.0,0.0,0.088999,0.0,0.0,0.0,0.06954,0.0,0.0,0.0,0.0,0.0,0.0,0.0,0.0,0.0,0.02886,0.0,0.0,0.017099,0.0,0.0,0.0,0.0,0.0,0.0,0.0,0.031816,0.0,0.043748,0.0,0.154061,0.082282,0.086443,0.073419,0.06564,0.195971,0.0,0.055499,0.0,0.012709,0.0,0.0
P_21,0.0,0.073373,0.0,0.0,0.008019,0.0,0.0,0.136851,0.0,0.0,0.0,0.028277,0.0,0.186807,1.0,0.0,0.0,0.0,0.002497,0.0,0.0,0.086781,0.0,0.0,0.0,0.0,0.0,0.11358,0.0,0.007121,0.0,0.0,0.0,0.114922,0.0,0.0,0.0,0.247141,0.035225,0.257996,0.136876,0.213603,0.00223,0.0,0.147488,0.0,0.002374,0.184887,0.001431,0.0,0.0,0.176003,0.020715,0.0,0.0,0.005703,0.110172,0.0,0.0,0.0,0.0,0.0,0.029725,0.116823,0.0,0.004685,0.0,0.0,0.009054,0.0,0.067952,0.0,0.0,0.025387,0.070778,0.0,0.0,0.0,0.0,0.0,0.032655,0.0,0.097637,0.0,0.082325,0.0,0.0,0.0,0.188962,0.179484,0.0,0.231904,0.0,0.0,0.0,0.220146,0.0,0.055568,0.0,0.0
P_22,0.0,0.0,0.006575,0.0,0.0,0.05569,0.0,0.0,0.033641,0.0,0.036067,0.0,0.142798,0.0,0.0,1.0,0.0,0.01881,0.0,0.044604,0.007309,0.0,0.127515,0.072755,0.063272,0.022101,0.096488,0.0,0.016822,0.050423,0.0,0.0,0.044594,0.0,0.133033,0.0,0.074762,0.0,0.0,0.0,0.0,0.0,0.028594,0.093544,0.0,0.050078,0.030442,0.0,0.128411,0.0,0.112372,0.0,0.0,0.171683,0.0,0.077328,0.0,0.05484,0.129229,0.0,0.0,0.045972,0.04784,0.0,0.047671,0.00161,0.190168,0.070348,0.014259,0.034391,0.0,0.025376,0.06883,0.048014,0.031272,0.118741,0.084291,0.325903,0.180634,0.058707,0.0,0.1582,0.0,0.0,0.0,0.121503,0.0,0.137867,0.0,0.0,0.0,0.0,0.0,0.0,0.175638,0.0,0.174611,0.0,0.069532,0.137723
P_23,0.0,0.0,0.0,0.054734,0.060089,0.0,0.0,0.0,0.007341,0.188949,0.0,0.0,0.0,0.153745,0.0,0.0,1.0,0.0,0.0,0.0,0.0,0.0,0.018151,0.0,0.0,0.055013,0.009891,0.023305,0.0,0.0,0.0,0.015094,0.0,0.0,0.0,0.0,0.0,0.0,0.0,0.0,0.105046,0.0,0.042913,0.0,0.0,0.0,0.0,0.0,0.0,0.126774,0.0,0.0,0.0,0.0,0.0,0.0,0.0,0.0,0.0,0.200832,0.0,0.0,0.021571,0.082121,0.0,0.0,0.0,0.0,0.0,0.012635,0.0,0.0,0.0,0.007448,0.0,0.012138,0.061205,0.0,0.0,0.0,0.044516,0.0,0.0,0.0,0.0,0.063763,0.210367,0.0,0.018567,0.0,0.068708,0.0,0.075787,0.202128,0.0,0.0,0.012728,0.0,0.0,0.0
P_24,0.104211,0.0,0.098057,0.04004,0.003442,0.0,0.0,0.0,0.032829,0.065926,0.01823,0.0,0.129153,0.0,0.0,0.01881,0.0,1.0,0.0,0.0,0.0,0.024471,0.199802,0.025137,0.044665,0.0,0.151849,0.0,0.0,0.008391,0.0,0.002623,0.023981,0.0,0.0,0.211963,0.105676,0.0,0.005317,0.0,0.0,0.0,0.012286,0.085766,0.0,0.102921,0.002334,0.0,0.011092,0.0,0.114607,0.0,0.0,0.094095,0.0,0.14263,0.0,0.0,0.0,0.024426,0.011221,0.0,0.017265,0.0,0.108033,0.0,0.044393,0.187405,0.0,0.009467,0.0,0.0,0.0,0.016445,0.0,0.067446,0.115353,0.046457,0.193894,0.0,0.0,0.002213,0.0,0.0,0.0,0.103734,0.0,0.101894,0.002037,0.0,0.003558,0.0,0.066657,0.008201,0.009627,0.0,0.048704,0.0,0.00294,0.016119
P_25,0.0,0.0,0.0,0.0,0.0,0.0,0.264175,0.096617,0.016957,0.0,0.0,0.0,0.012481,0.0,0.002497,0.0,0.0,0.0,1.0,0.062645,0.0,0.018186,0.00731,0.0,0.0,0.055062,0.0,0.170365,0.0,0.05235,0.0,0.054706,0.0,0.221654,0.0,0.0,0.0,0.010747,0.0,0.006583,0.104144,0.003195,0.071263,0.0,0.002962,0.0,0.062982,0.0,0.004457,0.0,0.0,0.029755,0.192106,0.0,0.0,0.0,0.126788,0.0,0.010427,0.0,0.0,0.0,0.057368,0.0,0.08177,0.0,0.03231,0.0,0.283596,0.182429,0.0,0.0,0.0,0.026334,0.077739,0.0,0.0,0.0,0.0,0.0,0.127558,0.0,0.019897,0.100459,0.0,0.0,0.0905,0.0,0.001911,0.034036,0.0,0.0,0.0,0.0,0.054228,0.0,0.008325,0.024849,0.0,0.016539
P_26,0.0,0.0,0.0,0.0,0.011509,0.027958,0.075411,0.0,0.115667,0.0,0.057578,0.0,0.090065,0.0,0.0,0.044604,0.0,0.0,0.062645,1.0,0.0,0.0,0.067946,0.009115,0.0,0.069979,0.011262,0.09502,0.019814,0.053328,0.0,0.047351,0.0,0.082682,0.096406,0.0,0.0,0.0,0.0,0.0,0.01847,0.0,0.019537,0.147076,0.0,0.0,0.05902,0.0,0.063863,0.0,0.0,0.0,0.0,0.036787,0.0,0.044846,0.018712,0.061704,0.0,0.0,0.00878,0.0,0.0,0.0,0.030757,0.0,0.027579,0.028922,0.032724,0.0,0.0,0.0,0.0,0.0,0.026742,0.013309,0.01075,0.099618,0.020566,0.0,0.0,0.0,0.0,0.032434,0.0,0.0,0.053681,0.0,0.0,0.0,0.0,0.0,0.0,0.0,0.035807,0.0,0.064892,0.0,0.105093,0.15869
P_27,0.0,0.296025,0.0,0.0,0.04559,0.078433,0.0,0.0,0.0,0.0,0.037526,0.196066,0.008728,0.0,0.0,0.007309,0.0,0.0,0.0,0.0,1.0,0.006491,0.008383,0.030241,0.087316,0.0,0.008227,0.0,0.038599,0.032404,0.153336,0.0,0.0,0.0,0.219856,0.0,0.0,0.0,0.0,0.004542,0.0,0.0,0.004701,0.0,0.095704,0.0,0.053458,0.107655,0.0,0.0,0.063202,0.0,0.0,0.007264,0.156646,0.013524,0.022947,0.154011,0.0,0.0,0.046502,0.085829,0.036819,0.0,0.0,0.18595,0.0,0.0,0.0,0.030538,0.182686,0.272948,0.013174,0.053032,0.0,0.019685,0.0,0.0,0.0,0.237084,0.0,0.051193,0.056734,0.0,0.060089,0.0,0.0,0.0,0.0,0.0,0.0,0.0,0.0,0.0,0.020461,0.068188,0.01283,0.062873,0.104971,0.077604
P_28,0.0,0.010009,0.0,0.020677,0.0,0.008527,0.0,0.03955,0.0,0.06906,0.0,0.010263,0.00896,0.0,0.086781,0.0,0.0,0.024471,0.018186,0.0,0.006491,1.0,0.001696,0.0,0.0,0.009694,0.0,0.040816,0.024963,0.026315,0.0,0.016577,0.0,0.03462,0.01452,0.0,0.004126,0.087821,0.01965,0.084882,0.103595,0.09009,0.004257,0.0,0.101536,0.018509,0.0,0.056708,0.011131,0.030064,0.0,0.045925,0.005816,0.0,0.0,0.0,0.068878,0.005679,0.0,0.067724,0.0,0.0,0.075405,0.143568,0.0,0.023377,0.0,0.0,0.0,0.0,0.046983,0.068673,0.0,0.0,0.029379,0.044876,0.023528,0.0,0.0,0.057539,0.012704,0.026363,0.161286,0.0,0.184126,0.0,0.013735,0.0,0.145256,0.094757,0.022818,0.060303,0.077435,0.060136,0.016203,0.0838,0.0,0.02032,0.009767,0.0
P_29,0.120534,0.006102,0.072114,0.042214,0.03035,0.095743,0.0,0.003117,0.088181,0.047416,0.13953,0.0,0.081394,0.0,0.0,0.127515,0.018151,0.199802,0.00731,0.067946,0.008383,0.001696,1.0,0.152363,0.158072,0.0058,0.128838,0.008988,0.0,0.141207,0.008778,0.0,0.108801,0.004193,0.077582,0.124406,0.063102,0.0,0.0,0.001169,0.0,0.0,0.014748,0.12009,0.009161,0.090153,0.070887,0.0,0.1084,0.031652,0.141933,0.0,0.001557,0.225825,0.001367,0.012382,0.0,0.162863,0.019828,0.03085,0.067382,0.025712,0.004344,0.006651,0.127967,0.019331,0.120273,0.142679,0.014344,0.079863,0.0,0.01593,0.071616,0.098405,0.042622,0.077134,0.10877,0.035856,0.175829,0.008106,0.005636,0.063619,0.006376,0.0,0.0,0.085561,0.003672,0.061669,0.004744,0.0,0.0,0.0,0.04731,0.004668,0.043342,0.0,0.099079,0.005181,0.141671,0.258436
P_3,0.106337,0.108918,0.060451,0.0,0.105436,0.071088,0.0,0.0,0.009764,0.058895,0.075233,0.112997,0.02278,0.0,0.0,0.072755,0.0,0.025137,0.0,0.009115,0.030241,0.0,0.152363,1.0,0.039929,0.0,0.132473,0.0,0.0,0.008592,0.086655,0.0,0.022481,0.0,0.016939,0.052698,0.099207,0.0,0.0,0.01328,0.0,0.0,0.063278,0.039311,0.084507,0.076774,0.009097,0.028661,0.055278,0.016693,0.088985,0.0,0.0,0.022169,0.151068,0.100889,0.02915,0.029774,0.0,0.015532,0.119923,0.073333,0.008326,0.0,0.030574,0.178143,0.030643,0.047493,0.0,0.002544,0.107547,0.061986,0.054205,0.046062,0.0,0.174692,0.123933,0.045026,0.0274,0.012489,0.0,0.013283,0.014084,0.0,0.036743,0.032692,0.0,0.063595,0.0,0.0,0.0,0.0,0.021544,0.0,0.028441,0.02012,0.046468,0.0,0.11929,0.038897
P_30,0.016827,0.090178,0.054653,0.0394,0.049811,0.07076,0.0,0.0,0.020607,0.0,0.063091,0.0978,0.0,0.0,0.0,0.063272,0.0,0.044665,0.0,0.0,0.087316,0.0,0.158072,0.039929,1.0,0.005051,0.037441,0.0,0.01895,0.005835,0.035392,0.0,0.0,0.0,0.062392,0.052873,0.090211,0.0,0.030941,0.004557,0.0,0.0,0.0,0.074383,0.021155,0.174541,0.006698,0.061698,0.047263,0.0,0.096451,0.0,0.0,0.007501,0.14828,0.027264,0.0,0.033947,0.103682,0.015363,0.031283,0.041103,0.0,0.0,0.173117,0.128437,0.00944,0.075051,0.005802,0.020016,0.073308,0.124681,0.03587,0.056571,0.0,0.04649,0.037634,0.031992,0.029088,0.05219,0.0,0.0,0.059038,0.0,0.027633,0.0,0.0,0.027916,0.0,0.0,0.008575,0.0,0.074081,0.0,0.006437,0.01722,0.018843,0.010202,0.076956,0.010118
P_31,0.0,0.0,0.0,0.0,0.0,0.0,0.096772,0.0,0.034978,0.005027,0.005395,0.0,0.013722,0.0,0.0,0.022101,0.055013,0.0,0.055062,0.069979,0.0,0.009694,0.0058,0.0,0.005051,1.0,0.012727,0.0,0.0,0.067018,0.0,0.026328,0.015041,0.058178,0.0,0.0,0.003011,0.0,0.0,0.0,0.10477,0.0,0.013052,0.03436,0.0,0.0,0.0,0.0,0.0,0.035711,0.018778,0.0,0.023428,0.010558,0.0,0.021971,0.0,0.0,0.048875,0.0,0.007395,0.0,0.012035,0.0,0.0,0.0,0.069599,0.0,0.190702,0.133747,0.0,0.0,0.007147,0.0,0.024966,0.029716,0.018935,0.019781,0.027897,0.0,0.146507,0.018802,0.0,0.016023,0.0,0.08758,0.066864,0.010409,0.019312,0.0,0.0,0.0,0.0,0.0,0.053979,0.0,0.015864,0.014421,0.012294,0.040348
P_32,0.171062,0.102073,0.086868,0.0,0.07129,0.079291,0.0,0.0,0.102561,0.020536,0.117108,0.040602,0.079065,0.0,0.0,0.096488,0.009891,0.151849,0.0,0.011262,0.008227,0.0,0.128838,0.132473,0.037441,0.012727,1.0,0.0,0.058408,0.133327,0.036621,0.0,0.047547,0.0,0.083053,0.062313,0.036004,0.0,0.0,0.008292,0.0,0.0,0.031076,0.043927,0.0481,0.105796,0.051987,0.0,0.127638,0.0,0.160667,0.0,0.00682,0.048644,0.079274,0.077434,0.017421,0.067405,0.021962,0.0,0.127225,0.099791,0.063004,0.0,0.040065,0.062946,0.084314,0.049537,0.011623,0.02642,0.034755,0.067665,0.086474,0.131579,0.036019,0.11146,0.150418,0.042889,0.095733,0.020478,0.0,0.141667,0.049661,0.0,0.031138,0.037906,0.0,0.118862,0.0,0.0,0.0,0.0,0.014453,0.0,0.033914,0.023698,0.05123,0.027124,0.085598,0.091912
P_33,0.0,0.014581,0.0,0.0,0.0,0.0,0.090249,0.149867,0.043578,0.013818,0.0,0.01682,0.0,0.0,0.11358,0.0,0.023305,0.0,0.170365,0.09502,0.0,0.040816,0.008988,0.0,0.0,0.0,0.0,1.0,0.0,0.037147,0.0,0.006322,0.0,0.029415,0.0,0.0,0.0,0.083486,0.0,0.043721,0.060254,0.158792,0.019568,0.0,0.045139,0.0,0.053419,0.051204,0.0,0.013737,0.0,0.017529,0.087093,0.0,0.0,0.0,0.062403,0.0,0.0,0.0,0.0,0.0,0.063299,0.012978,0.034082,0.016104,0.0,0.0,0.034879,0.0616,0.045259,0.0,0.0,0.029226,0.0,0.0,0.0,0.0,0.0,0.0,0.069207,0.0,0.054434,0.241923,0.041863,0.034105,0.146229,0.0,0.079769,0.078745,0.0,0.035272,0.0,0.0,0.069062,0.053307,0.006712,0.074347,0.0,0.013398
P_34,0.0,0.061833,0.0,0.0,0.0,0.167889,0.0,0.0,0.0,0.0,0.20828,0.0,0.05127,0.0,0.0,0.016822,0.0,0.0,0.0,0.019814,0.038599,0.024963,0.0,0.0,0.01895,0.0,0.058408,0.0,1.0,0.100357,0.0,0.0,0.0,0.0,0.076812,0.035455,0.0,0.0,0.0,0.0,0.0,0.0,0.005864,0.042246,0.0,0.0,0.103675,0.020071,0.107799,0.0,0.0,0.0,0.0,0.040231,0.063491,0.0,0.0,0.09127,0.031486,0.0,0.197645,0.117431,0.0,0.0,0.0,0.053754,0.0,0.0,0.0,0.013425,0.083402,0.011586,0.241317,0.141906,0.030335,0.070211,0.0,0.039025,0.0,0.0,0.0,0.155388,0.023311,0.0,0.026696,0.03432,0.0,0.0,0.0,0.0,0.0,0.0,0.0,0.0,0.01848,0.080847,0.103944,0.053773,0.088919,0.038907
P_35,0.02973,0.106226,0.0,0.0,0.005198,0.146516,0.153818,0.029409,0.029231,0.0,0.101003,0.0,0.024003,0.008979,0.007121,0.050423,0.0,0.008391,0.05235,0.053328,0.032404,0.026315,0.141207,0.008592,0.005835,0.067018,0.133327,0.037147,0.100357,1.0,0.209275,0.020088,0.015101,0.020358,0.324533,0.027369,0.003999,0.011231,0.0,0.0,0.026504,0.0,0.047658,0.057959,0.037036,0.0,0.148573,0.0,0.141428,0.0,0.115345,0.027423,0.075076,0.093513,0.014785,0.003632,0.039736,0.160018,0.135293,0.0,0.074623,0.111769,0.057328,0.0,0.096499,0.045717,0.067116,0.016061,0.065817,0.065978,0.0,0.01695,0.281017,0.100684,0.026018,0.060506,0.019277,0.010751,0.134525,0.0,0.005804,0.106542,0.021415,0.081148,0.0,0.045377,0.015317,0.01296,0.003808,0.023987,0.0,0.005726,0.0,0.0,0.096378,0.0,0.075159,0.062729,0.12328,0.151867
P_36,0.0,0.11026,0.0,0.0,0.052934,0.104141,0.0,0.0,0.0,0.0,0.092002,0.065634,0.0,0.0,0.0,0.0,0.0,0.0,0.0,0.0,0.153336,0.0,0.008778,0.086655,0.035392,0.0,0.036621,0.0,0.0,0.209275,1.0,0.0,0.0,0.0,0.171385,0.0,0.0,0.0,0.0,0.0,0.0,0.0,0.00812,0.0,0.036349,0.0,0.082634,0.0,0.187794,0.0,0.041386,0.0,0.0,0.0,0.114645,0.020382,0.02273,0.133663,0.095178,0.0,0.065994,0.076672,0.104146,0.0,0.0,0.119099,0.0,0.0,0.0,0.011211,0.082631,0.069386,0.244302,0.124435,0.031323,0.011334,0.0,0.0,0.09143,0.099168,0.0,0.079005,0.03647,0.0,0.0,0.0,0.0,0.0,0.0,0.0,0.0,0.0,0.0,0.0,0.025228,0.022109,0.014082,0.062275,0.005825,0.0
P_37,0.0,0.0,0.0,0.02164,0.0,0.0,0.021322,0.013753,0.0398,0.092096,0.0,0.0,0.010989,0.0,0.0,0.0,0.015094,0.002623,0.054706,0.047351,0.0,0.016577,0.0,0.0,0.0,0.026328,0.0,0.006322,0.0,0.020088,0.0,1.0,0.0,0.090889,0.0,0.0,0.0,0.0,0.015389,0.004224,0.155411,0.0,0.258425,0.0,0.0,0.0,0.0,0.0,0.0,0.008411,0.0,0.018958,0.047007,0.0,0.0,0.0,0.036281,0.0,0.0,0.14699,0.0,0.0,0.084798,0.0,0.0,0.0,0.0,0.0,0.050674,0.076811,0.0,0.0,0.0,0.0609,0.16944,0.0,0.015252,0.0,0.0,0.0,0.05779,0.0,0.0,0.052109,0.0,0.040304,0.168147,0.0,0.026513,0.0,0.030328,0.0,0.011444,0.091005,0.004542,0.0,0.0,0.0,0.0,0.019702
P_38,0.068572,0.0,0.072879,0.044565,0.0,0.0,0.0,0.0,0.023103,0.0,0.074607,0.0,0.121085,0.0,0.0,0.044594,0.0,0.023981,0.0,0.0,0.0,0.0,0.108801,0.022481,0.0,0.015041,0.047547,0.0,0.0,0.015101,0.0,0.0,1.0,0.0,0.0,0.0,0.067162,0.0,0.069931,0.0,0.0,0.0,0.075096,0.158383,0.0,0.072023,0.0,0.0,0.0,0.0,0.060709,0.0,0.0,0.163263,0.0,0.076695,0.0,0.012151,0.031571,0.042604,0.011113,0.020315,0.0,0.0,0.0,0.0,0.037656,0.111495,0.0,0.036259,0.0,0.0,0.0,0.082763,0.0,0.123185,0.055379,0.098066,0.169874,0.0,0.0,0.039632,0.0,0.0,0.0,0.055062,0.0,0.1931,0.0,0.0,0.0,0.0,0.019219,0.0,0.031344,0.0,0.057394,0.0,0.01217,0.033362
P_39,0.0,0.007606,0.0,0.01432,0.01217,0.0,0.141468,0.091393,0.051182,0.0,0.0,0.0,0.030696,0.059374,0.114922,0.0,0.0,0.0,0.221654,0.082682,0.0,0.03462,0.004193,0.0,0.0,0.058178,0.0,0.029415,0.0,0.020358,0.0,0.090889,0.0,1.0,0.0,0.0,0.0,0.024303,0.0,0.016845,0.048643,0.032598,0.063757,0.0,0.01993,0.0,0.017557,0.018579,0.003644,0.050057,0.0,0.042852,0.150941,0.0,0.0,0.008655,0.115029,0.0,0.013816,0.013792,0.0,0.0,0.060338,0.101467,0.0,0.0,0.0,0.0,0.140449,0.22021,0.002215,0.0,0.0,0.016,0.031288,0.0,0.016962,0.0,0.0,0.0,0.100628,0.0,0.133072,0.0527,0.023649,0.017141,0.124967,0.0,0.065841,0.060683,0.0,0.033058,0.0,0.0,0.088984,0.028954,0.010696,0.040879,0.0,0.012518
P_4,0.0,0.318086,0.0,0.0,0.076747,0.106292,0.0,0.0,0.015052,0.0,0.103862,0.047427,0.028864,0.0,0.0,0.133033,0.0,0.0,0.0,0.096406,0.219856,0.01452,0.077582,0.016939,0.062392,0.0,0.083053,0.0,0.076812,0.324533,0.171385,0.0,0.0,0.0,1.0,0.0,0.0,0.0,0.0,0.029146,0.0,0.0,0.005003,0.026499,0.112236,0.0,0.205639,0.0,0.14427,0.0,0.070952,0.0,0.008961,0.045637,0.150081,0.013606,0.001965,0.236488,0.142249,0.0,0.147039,0.248652,0.087965,0.0,0.207589,0.122384,0.0,0.0,0.014626,0.04781,0.03302,0.144317,0.281088,0.131273,0.0,0.082268,0.0,0.075089,0.048367,0.157901,0.0,0.087038,0.09836,0.0,0.007834,0.011248,0.0,0.01446,0.0,0.0,0.0,0.0,0.0,0.0,0.098989,0.006301,0.031012,0.009468,0.391868,0.109688
P_40,0.209163,0.0,0.018379,0.0,0.011998,0.052607,0.0,0.0,0.0,0.046558,0.087761,0.0,0.168026,0.0,0.0,0.0,0.0,0.211963,0.0,0.0,0.0,0.0,0.124406,0.052698,0.052873,0.0,0.062313,0.0,0.035455,0.027369,0.0,0.0,0.0,0.0,0.0,1.0,0.0,0.0,0.0,0.0,0.0,0.0,0.0,0.202039,0.0,0.057552,0.05923,0.0,0.013753,0.0,0.21349,0.0,0.0,0.03393,0.0,0.0,0.0,0.0,0.031652,0.074958,0.008873,0.0,0.0,0.0,0.233403,0.0,0.026286,0.033494,0.0,0.057037,0.0,0.0,0.046329,0.053694,0.0,0.05253,0.166287,0.0,0.123024,0.0,0.0,0.008127,0.0,0.0,0.0,0.0,0.0,0.041668,0.0,0.0,0.0,0.0,0.073291,0.0,0.019501,0.0,0.036401,0.0,0.12342,0.060427
P_41,0.014333,0.0,0.195248,0.054026,0.082384,0.0,0.0,0.0,0.023469,0.077973,0.009044,0.0,0.15039,0.0,0.0,0.074762,0.0,0.105676,0.0,0.0,0.0,0.004126,0.063102,0.099207,0.090211,0.003011,0.036004,0.0,0.0,0.003999,0.0,0.0,0.067162,0.0,0.0,0.0,1.0,0.0,0.0,0.0,0.0,0.0,0.054395,0.022991,0.0,0.428768,0.0,0.0,0.0,0.005451,0.092098,0.0,0.0,0.005408,0.0,0.180272,0.0,0.0,0.0,0.034398,0.0,0.0,0.018399,0.0,0.007591,0.0,0.030713,0.178428,0.0,0.009651,0.0,0.0,0.0,0.0,0.0,0.183126,0.177915,0.038414,0.02058,0.0,0.0,0.0,0.0,0.0,0.0,0.049997,0.0,0.139306,0.012273,0.0,0.021298,0.0,0.159981,0.0,0.0,0.0,0.050826,0.0,0.0,0.0
P_42,0.0,0.025983,0.0,0.0,0.0,0.0,0.004027,0.091479,0.0,0.0,0.0,0.033639,0.0,0.105625,0.247141,0.0,0.0,0.0,0.010747,0.0,0.0,0.087821,0.0,0.0,0.0,0.0,0.0,0.083486,0.0,0.011231,0.0,0.0,0.0,0.024303,0.0,0.0,0.0,1.0,0.009128,0.194635,0.142019,0.145363,0.0,0.0,0.177889,0.0,0.003141,0.245987,0.0,0.0,0.0,0.255861,0.074463,0.0,0.0,0.0,0.104291,0.0,0.0,0.0,0.0,0.0,0.046013,0.0,0.0,0.017225,0.0,0.0,0.001247,0.009929,0.02842,0.0,0.0,0.052482,0.060514,0.0,0.0,0.0,0.0,0.0,0.029352,0.0,0.060754,0.037374,0.120292,0.0,0.002328,0.0,0.121808,0.276144,0.0,0.336272,0.0,0.0,0.002117,0.071859,0.0,0.112914,0.0,0.0
P_43,0.0,0.0,0.0,0.0,0.0,0.0,0.0,0.0,0.018133,0.0,0.0,0.034011,0.022437,0.088618,0.035225,0.0,0.0,0.005317,0.0,0.0,0.0,0.01965,0.0,0.0,0.030941,0.0,0.0,0.0,0.0,0.0,0.0,0.015389,0.069931,0.0,0.0,0.0,0.0,0.009128,1.0,0.02839,0.00639,0.037402,0.006502,0.0,0.0,0.0,0.0,0.0,0.0,0.15954,0.0,0.0,0.0,0.0,0.0,0.0,0.024422,0.0,0.0,0.0,0.0,0.0,0.0,0.0,0.0,0.0,0.022162,0.0,0.0,0.023294,0.0,0.0,0.0,0.0,0.0,0.0,0.045166,0.0,0.015361,0.0,0.0,0.0,0.045267,0.0,0.02328,0.0,0.0,0.018216,0.040546,0.003813,0.075481,0.038241,0.032185,0.259403,0.0,0.065213,0.0,0.034468,0.0,0.0
P_44,0.0,0.009002,0.0,0.0,0.0,0.00278,0.014956,0.079115,0.0,0.0,0.020212,0.042487,0.0,0.053727,0.257996,0.0,0.0,0.0,0.006583,0.0,0.004542,0.084882,0.001169,0.01328,0.004557,0.0,0.008292,0.043721,0.0,0.0,0.0,0.004224,0.0,0.016845,0.029146,0.0,0.0,0.194635,0.02839,1.0,0.055037,0.186356,0.002823,0.0,0.20033,0.0,0.0,0.103907,0.022841,0.0,0.0,0.197097,0.035227,0.0,0.007992,0.0,0.025121,0.0,0.0,0.0,0.0,0.0,0.060439,0.016935,0.0,0.033201,0.0,0.0,0.010807,0.012347,0.081318,0.009503,0.004903,0.016104,0.043501,0.0,0.0,0.0,0.0,0.017123,0.007057,0.0,0.0586,0.03721,0.169914,0.0,0.0,0.0,0.104803,0.235074,0.0,0.25235,0.0,0.0,0.0,0.19861,0.0,0.112153,0.006716,0.0
P_45,0.0,0.064619,0.0,0.0,0.0,0.0,0.041175,0.032524,0.028201,0.026609,0.0,0.006375,0.043737,0.061812,0.136876,0.0,0.105046,0.0,0.104144,0.01847,0.0,0.103595,0.0,0.0,0.0,0.10477,0.0,0.060254,0.0,0.026504,0.0,0.155411,0.0,0.048643,0.0,0.0,0.0,0.142019,0.00639,0.055037,1.0,0.075541,0.062957,0.0,0.014025,0.0,0.016902,0.059367,0.0,0.002792,0.0,0.077985,0.131575,0.0,0.0,0.0,0.037953,0.0,0.0,0.021431,0.0,0.0,0.028387,0.0,0.0,0.007257,0.010914,0.0,0.046445,0.063982,0.044814,0.0,0.0,0.036624,0.051453,0.0,0.012952,0.0,0.0,0.0,0.048385,0.0,0.029423,0.029706,0.042122,0.039771,0.206526,0.0,0.087772,0.154724,0.002582,0.121478,0.0,0.0,0.024506,0.03453,0.02537,0.082384,0.0,0.005897
P_46,0.0,0.043509,0.0,0.0,0.0,0.0,0.021543,0.072155,0.0,0.0,0.0,0.011078,0.0,0.037123,0.213603,0.0,0.0,0.0,0.003195,0.0,0.0,0.09009,0.0,0.0,0.0,0.0,0.0,0.158792,0.0,0.0,0.0,0.0,0.0,0.032598,0.0,0.0,0.0,0.145363,0.037402,0.186356,0.075541,1.0,0.076199,0.0,0.198971,0.0,0.0,0.061454,0.0,0.0,0.0,0.008435,0.07007,0.0,0.0,0.0,0.183333,0.0,0.0,0.0,0.0,0.0,0.034777,0.008738,0.0,0.003158,0.0,0.0,0.055292,0.003619,0.062035,0.0,0.0,0.0,0.016801,0.0,0.0,0.0,0.0,0.0,0.063993,0.0,0.198796,0.0,0.104681,0.0,0.0,0.0,0.12093,0.183556,0.0,0.101972,0.0,0.0,0.0,0.030761,0.0,0.062394,0.0,0.0
P_47,0.012821,0.0,0.0,0.026087,0.02562,0.00989,0.085185,0.020283,0.11663,0.085569,0.007107,0.0,0.056621,0.015153,0.00223,0.028594,0.042913,0.012286,0.071263,0.019537,0.004701,0.004257,0.014748,0.063278,0.0,0.013052,0.031076,0.019568,0.005864,0.047658,0.00812,0.258425,0.075096,0.063757,0.005003,0.0,0.054395,0.0,0.006502,0.002823,0.062957,0.076199,1.0,0.024052,0.007424,0.011969,0.006182,0.005733,0.004746,0.009886,0.017923,0.018322,0.018555,0.014674,0.0,0.01369,0.041578,0.004209,0.012976,0.081046,0.027074,0.021061,0.039762,0.027486,0.0,0.0,0.010413,0.009592,0.06235,0.053007,0.0,0.0,0.014822,0.042095,0.011395,0.055742,0.088306,0.069569,0.068495,0.0,0.045722,0.038135,0.018898,0.011991,0.0,0.030362,0.105283,0.063927,0.048753,0.014042,0.141183,0.006337,0.042372,0.040215,0.032383,0.0,0.017133,0.019742,0.013226,0.054111
P_48,0.092452,0.0,0.045432,0.0,0.00831,0.00411,0.0,0.0,0.139066,0.014975,0.031876,0.0,0.186217,0.0,0.0,0.093544,0.0,0.085766,0.0,0.147076,0.0,0.0,0.12009,0.039311,0.074383,0.03436,0.043927,0.0,0.042246,0.057959,0.0,0.0,0.158383,0.0,0.026499,0.202039,0.022991,0.0,0.0,0.0,0.0,0.0,0.024052,1.0,0.0,0.039091,0.0,0.0,0.039097,0.0,0.149908,0.0,0.0,0.072433,0.0,0.119153,0.0,0.019741,0.019238,0.015442,0.011096,0.01238,0.0,0.0,0.03917,0.0,0.053228,0.148566,0.0,0.03277,0.0,0.0,0.0,0.078551,0.0,0.014047,0.051024,0.16743,0.144346,0.0,0.0,0.035295,0.0,0.0,0.0,0.116157,0.0,0.05938,0.0,0.0,0.0,0.0,0.0,0.0,0.083529,0.0,0.10408,0.0,0.131033,0.192087
P_49,0.0,0.090287,0.0,0.0,0.026162,0.046712,0.0,0.048405,0.0,0.0,0.052072,0.100853,0.0,0.113019,0.147488,0.0,0.0,0.0,0.002962,0.0,0.095704,0.101536,0.009161,0.084507,0.021155,0.0,0.0481,0.045139,0.0,0.037036,0.036349,0.0,0.0,0.01993,0.112236,0.0,0.0,0.177889,0.0,0.20033,0.014025,0.198971,0.007424,0.0,1.0,0.0,0.030347,0.082284,0.038862,0.0,0.022968,0.155492,0.015391,0.00609,0.096184,0.037506,0.105383,0.058427,0.007831,0.0,0.068486,0.071484,0.064096,0.0,0.0,0.304313,0.0,0.0,0.0,0.015106,0.138681,0.198238,0.013978,0.07467,0.011929,0.038063,0.0,0.0,0.0,0.046507,0.025028,0.020778,0.08258,0.050417,0.151146,0.0,0.001429,0.0,0.093245,0.139825,0.0,0.03075,0.0,0.0,0.018967,0.124808,0.0,0.120002,0.139483,0.0
P_5,0.098849,0.0,0.196341,0.052993,0.173565,0.0,0.0,0.0,0.0,0.0438,0.0,0.0,0.13851,0.0,0.0,0.050078,0.0,0.102921,0.0,0.0,0.0,0.018509,0.090153,0.076774,0.174541,0.0,0.105796,0.0,0.0,0.0,0.0,0.0,0.072023,0.0,0.0,0.057552,0.428768,0.0,0.0,0.0,0.0,0.0,0.011969,0.039091,0.0,1.0,0.0,0.0,0.0,0.006501,0.0919,0.0,0.0,0.009049,0.0,0.165008,0.0,0.0,0.0,0.033208,0.0,0.0,0.009437,0.0,0.035933,0.0,0.01136,0.169139,0.0,0.007854,0.0,0.0,0.0,0.0,0.0,0.151349,0.137233,0.0,0.0,0.0,0.0,0.0,0.0,0.0,0.0,0.016218,0.0,0.175277,0.002324,0.0,0.0,0.0,0.140045,0.0,0.0,0.0,0.0,0.0,0.0,0.0
P_50,0.0,0.091014,0.0,0.0,0.0,0.206396,0.050545,0.0,0.0,0.0,0.275077,0.0,0.056772,0.0,0.002374,0.030442,0.0,0.002334,0.062982,0.05902,0.053458,0.0,0.070887,0.009097,0.006698,0.0,0.051987,0.053419,0.103675,0.148573,0.082634,0.0,0.0,0.017557,0.205639,0.05923,0.0,0.003141,0.0,0.0,0.016902,0.0,0.006182,0.0,0.030347,0.0,1.0,0.0,0.050055,0.0,0.070445,0.025924,0.043178,0.047555,0.01131,0.006002,0.036032,0.283454,0.014151,0.0,0.123913,0.205903,0.070985,0.0,0.04928,0.081479,0.0,0.0,0.057516,0.047371,0.0,0.005286,0.158681,0.19762,0.052943,0.170363,0.0,0.020013,0.011347,0.0,0.023143,0.042055,0.00441,0.045685,0.0,0.0,0.014233,0.011553,0.023087,0.009879,0.0,0.0,0.0,0.0,0.101943,0.0,0.049062,0.133532,0.187141,0.230673
P_51,0.0,0.053087,0.0,0.0,0.060976,0.0,0.0,0.114589,0.0,0.0,0.005135,0.111232,0.0,0.030578,0.184887,0.0,0.0,0.0,0.0,0.0,0.107655,0.056708,0.0,0.028661,0.061698,0.0,0.0,0.051204,0.020071,0.0,0.0,0.0,0.0,0.018579,0.0,0.0,0.0,0.245987,0.0,0.103907,0.059367,0.061454,0.005733,0.0,0.082284,0.0,0.0,1.0,0.0,0.0,0.0,0.065355,0.02892,0.0,0.052733,0.099261,0.083045,0.020846,0.0,0.0,0.039067,0.0,0.06003,0.037467,0.0,0.063599,0.0,0.0,0.0,0.0,0.068779,0.073135,0.0,0.0,0.0,0.0,0.0,0.0,0.0,0.0,0.0,0.0,0.066267,0.0,0.176989,0.0,0.0,0.0,0.122674,0.071568,0.0,0.102859,0.0,0.0,0.0,0.101314,0.0,0.031164,0.008397,0.0
P_52,0.0,0.116187,0.0,0.0,0.03276,0.075884,0.0,0.0,0.014248,0.0,0.112596,0.041281,0.031752,0.0,0.001431,0.128411,0.0,0.011092,0.004457,0.063863,0.0,0.011131,0.1084,0.055278,0.047263,0.0,0.127638,0.0,0.107799,0.141428,0.187794,0.0,0.0,0.003644,0.14427,0.013753,0.0,0.0,0.0,0.022841,0.0,0.0,0.004746,0.039097,0.038862,0.0,0.050055,0.0,1.0,0.0,0.073944,0.028415,0.0,0.088746,0.140091,0.022821,0.03023,0.120007,0.076315,0.0,0.088577,0.092827,0.119457,0.0,0.09489,0.025339,0.0,0.0,0.005704,0.0892,0.033408,0.055192,0.192358,0.175471,0.0,0.013487,0.00599,0.037523,0.046193,0.055889,0.007366,0.00532,0.072592,0.0,0.0,0.0,0.0,0.007239,0.0,0.024745,0.0,0.009649,0.0,0.0,0.058466,0.002662,0.05809,0.06095,0.116325,0.111078
P_53,0.0,0.0,0.003638,0.0,0.0,0.0,0.0,0.019172,0.036584,0.089649,0.0,0.0,0.032157,0.0,0.0,0.0,0.126774,0.0,0.0,0.0,0.0,0.030064,0.031652,0.016693,0.0,0.035711,0.0,0.013737,0.0,0.0,0.0,0.008411,0.0,0.050057,0.0,0.0,0.005451,0.0,0.15954,0.0,0.002792,0.0,0.009886,0.0,0.0,0.006501,0.0,0.0,0.0,1.0,0.0,0.0,0.0,0.0,0.0,0.0,0.0,0.0,0.0,0.078744,0.0,0.0,0.077271,0.0,0.0,0.0,0.010815,0.0,0.0,0.03436,0.0,0.0,0.0,0.0,0.0,0.007871,0.06645,0.0,0.007497,0.0,0.053857,0.0,0.0,0.0,0.0,0.0,0.248509,0.0,0.060483,0.0,0.048143,0.0,0.054268,0.190738,0.0,0.0,0.0,0.0,0.0,0.0
P_54,0.175689,0.105199,0.001666,0.054583,0.039587,0.060926,0.0,0.0,0.051579,0.031217,0.092133,0.013982,0.183197,0.0,0.0,0.112372,0.0,0.114607,0.0,0.0,0.063202,0.0,0.141933,0.088985,0.096451,0.018778,0.160667,0.0,0.0,0.115345,0.041386,0.0,0.060709,0.0,0.070952,0.21349,0.092098,0.0,0.0,0.0,0.0,0.0,0.017923,0.149908,0.022968,0.0919,0.070445,0.0,0.073944,0.0,1.0,0.0,0.007869,0.134809,0.068852,0.133011,0.013011,0.140407,0.081816,0.033623,0.148078,0.036483,0.050601,0.0,0.317877,0.01086,0.131448,0.07403,0.007622,0.064909,0.001153,0.008815,0.040297,0.053329,0.017235,0.113783,0.078192,0.052165,0.176794,0.022878,0.0,0.178386,0.020667,0.0,0.0,0.103234,0.0,0.142311,0.000617,0.0,0.0,0.0,0.009719,0.0,0.11776,0.002184,0.119899,0.04983,0.112401,0.113115
P_55,0.0,0.050066,0.0,0.0,0.0,0.0,0.013481,0.074572,0.0,0.0,0.0,0.031929,0.0,0.117224,0.176003,0.0,0.0,0.0,0.029755,0.0,0.0,0.045925,0.0,0.0,0.0,0.0,0.0,0.017529,0.0,0.027423,0.0,0.018958,0.0,0.042852,0.0,0.0,0.0,0.255861,0.0,0.197097,0.077985,0.008435,0.018322,0.0,0.155492,0.0,0.025924,0.065355,0.028415,0.0,0.0,1.0,0.318574,0.0,0.0,0.0,0.134977,0.0,0.0,0.0,0.0,0.0,0.0,0.0,0.0,0.008368,0.0,0.0,0.023748,0.0,0.027625,0.0,0.0,0.024901,0.039593,0.0,0.0,0.0,0.0,0.0,0.02128,0.0,0.03782,0.07857,0.038433,0.0,0.0,0.0,0.135627,0.374795,0.0,0.202967,0.0,0.0,0.00704,0.041059,0.0,0.163801,0.0,0.0
P_56,0.0,0.100918,0.0,0.0,0.0,0.0,0.182821,0.061561,0.0,0.0,0.0,0.011611,0.004098,0.056346,0.020715,0.0,0.0,0.0,0.192106,0.0,0.0,0.005816,0.001557,0.0,0.0,0.023428,0.00682,0.087093,0.0,0.075076,0.0,0.047007,0.0,0.150941,0.008961,0.0,0.0,0.074463,0.0,0.035227,0.131575,0.07007,0.018555,0.0,0.015391,0.0,0.043178,0.02892,0.0,0.0,0.007869,0.318574,1.0,0.0,0.0,0.0,0.160819,0.010435,0.0,0.0,0.018626,0.0,0.026783,0.0,0.0,0.020224,0.0,0.0,0.044828,0.060287,0.0,0.0,0.0,0.0,0.139529,0.0,0.0,0.0,0.0,0.0,0.038693,0.005895,0.039941,0.031682,0.012249,0.0,0.032597,0.0,0.092402,0.281625,0.0,0.178391,0.0,0.0,0.005674,0.002307,0.0,0.04603,0.020493,0.0
P_57,0.03643,0.011103,0.0,0.016027,0.0,0.030926,0.0,0.0,0.010096,0.005825,0.171714,0.0,0.178288,0.0,0.0,0.171683,0.0,0.094095,0.0,0.036787,0.007264,0.0,0.225825,0.022169,0.007501,0.010558,0.048644,0.0,0.040231,0.093513,0.0,0.0,0.163263,0.0,0.045637,0.03393,0.005408,0.0,0.0,0.0,0.0,0.0,0.014674,0.072433,0.00609,0.009049,0.047555,0.0,0.088746,0.0,0.134809,0.0,0.0,1.0,0.00281,0.102331,0.0,0.059622,0.107593,0.0,0.106098,0.128885,0.073287,0.0,0.015056,0.015909,0.104707,0.059986,0.003444,0.039902,0.0,0.0,0.011591,0.138963,0.058024,0.068815,0.017603,0.172262,0.051861,0.0,0.0,0.227058,0.0,0.0,0.0,0.123432,0.0,0.081995,0.0,0.0,0.0,0.0,0.0,0.0,0.121705,0.0,0.128754,0.006486,0.052047,0.133629
P_58,0.0,0.231695,0.0,0.0,0.255983,0.011118,0.0,0.0,0.0,0.0,0.109938,0.172163,0.0,0.0,0.0,0.0,0.0,0.0,0.0,0.0,0.156646,0.0,0.001367,0.151068,0.14828,0.0,0.079274,0.0,0.063491,0.014785,0.114645,0.0,0.0,0.0,0.150081,0.0,0.0,0.0,0.0,0.007992,0.0,0.0,0.0,0.0,0.096184,0.0,0.01131,0.052733,0.140091,0.0,0.068852,0.0,0.0,0.00281,1.0,0.116659,0.0,0.048376,0.016608,0.0,0.077784,0.064672,0.039842,0.0,0.033954,0.092809,0.0,0.0,0.0,0.014531,0.338454,0.243435,0.117264,0.048425,0.010769,0.008533,0.0,0.00977,0.0,0.162823,0.0,0.016908,0.101081,0.0,0.009187,0.0,0.0,0.0,0.026258,0.0,0.0,0.0,0.0,0.0,0.0,0.153461,0.0,0.063424,0.145719,0.009702
P_59,0.027523,0.054992,0.011258,0.0,0.129024,0.03224,0.0,0.0,0.05882,0.033536,0.076564,0.079387,0.117086,0.0,0.005703,0.077328,0.0,0.14263,0.0,0.044846,0.013524,0.0,0.012382,0.100889,0.027264,0.021971,0.077434,0.0,0.0,0.003632,0.020382,0.0,0.076695,0.008655,0.013606,0.0,0.180272,0.0,0.0,0.0,0.0,0.0,0.01369,0.119153,0.037506,0.165008,0.006002,0.099261,0.022821,0.0,0.133011,0.0,0.0,0.102331,0.116659,1.0,0.041306,0.041092,0.059056,0.0,0.05878,0.018543,0.0,0.0,0.0,0.028277,0.114011,0.257605,0.0,0.0,0.025941,0.101793,0.0,0.076154,0.0,0.030048,0.112171,0.039717,0.106617,0.021931,0.0,0.019376,0.099567,0.0,0.015889,0.031139,0.0,0.111907,0.0,0.0,0.0,0.0,0.040575,0.0,0.02755,0.078609,0.042158,0.0,0.01574,0.03724
P_6,0.0,0.080135,0.0,0.0,0.014879,0.004122,0.146712,0.101329,0.0,0.0,0.014752,0.026025,0.0,0.010787,0.110172,0.0,0.0,0.0,0.126788,0.018712,0.022947,0.068878,0.0,0.02915,0.0,0.0,0.017421,0.062403,0.0,0.039736,0.02273,0.036281,0.0,0.115029,0.001965,0.0,0.0,0.104291,0.024422,0.025121,0.037953,0.183333,0.041578,0.0,0.105383,0.0,0.036032,0.083045,0.03023,0.0,0.013011,0.134977,0.160819,0.0,0.0,0.041306,1.0,0.040471,0.033736,0.0,0.021064,0.011258,0.026901,0.0,0.0,0.033049,0.0,0.0,0.074416,0.054409,0.009182,0.030275,0.0,0.00778,0.013387,0.007062,0.0,0.0,0.0,0.056232,0.029859,0.005255,0.211919,0.172002,0.044174,0.0,0.041016,0.0,0.038077,0.186742,0.0,0.108182,0.0,0.0,0.012305,0.033652,0.0,0.012197,0.0,0.004447
P_60,0.0,0.125025,0.0,0.0,0.0,0.34291,0.0,0.0,0.0,0.0,0.206891,0.004144,0.042315,0.0,0.0,0.05484,0.0,0.0,0.0,0.061704,0.154011,0.005679,0.162863,0.029774,0.033947,0.0,0.067405,0.0,0.09127,0.160018,0.133663,0.0,0.012151,0.0,0.236488,0.0,0.0,0.0,0.0,0.0,0.0,0.0,0.004209,0.019741,0.058427,0.0,0.283454,0.020846,0.120007,0.0,0.140407,0.0,0.010435,0.059622,0.048376,0.041092,0.040471,1.0,0.041527,0.0,0.126625,0.158709,0.0348,0.0,0.103358,0.136315,0.0,0.0,0.0,0.047865,0.001923,0.053044,0.223356,0.134107,0.0304,0.076729,0.0,0.014351,0.002549,0.099513,0.0,0.17919,0.028061,0.0,0.01677,0.007159,0.0,0.028422,0.0,0.0,0.0,0.0,0.0,0.0,0.218219,0.007451,0.113411,0.10934,0.204337,0.222226
P_61,0.0,0.035637,0.0,0.090139,0.013139,0.01806,0.0,0.070326,0.02844,0.0,0.060335,0.0,0.093452,0.0,0.0,0.129229,0.0,0.0,0.010427,0.0,0.0,0.0,0.019828,0.0,0.103682,0.048875,0.021962,0.0,0.031486,0.135293,0.095178,0.0,0.031571,0.013816,0.142249,0.031652,0.0,0.0,0.0,0.0,0.0,0.0,0.012976,0.019238,0.007831,0.0,0.014151,0.0,0.076315,0.0,0.081816,0.0,0.0,0.107593,0.016608,0.059056,0.033736,0.041527,1.0,0.0,0.080439,0.019336,0.0,0.0,0.072951,0.019029,0.0,0.0,0.032071,0.07349,0.0,0.008828,0.147829,0.102768,0.0,0.083764,0.0,0.045829,0.067116,0.0,0.0,0.088064,0.0,0.0,0.0,0.0,0.0,0.034335,0.0,0.0,0.0,0.0,0.0,0.0,0.124952,0.007773,0.02544,0.0,0.076671,0.151742
P_62,0.0,0.0,0.047006,0.044449,0.035529,0.0,0.0,0.0,0.013997,0.270076,0.0,0.0,0.024189,0.088999,0.0,0.0,0.200832,0.024426,0.0,0.0,0.0,0.067724,0.03085,0.015532,0.015363,0.0,0.0,0.0,0.0,0.0,0.0,0.14699,0.042604,0.013792,0.0,0.074958,0.034398,0.0,0.0,0.0,0.021431,0.0,0.081046,0.015442,0.0,0.033208,0.0,0.0,0.0,0.078744,0.033623,0.0,0.0,0.0,0.0,0.0,0.0,0.0,0.0,1.0,0.0,0.0,0.039158,0.060919,0.012144,0.0,0.0,0.004808,0.0,0.0,0.0,0.0,0.0,0.0,0.0,0.029559,0.059627,0.0,0.0,0.0,0.030292,0.0,0.0,0.0,0.0,0.0,0.084264,0.044534,0.050041,0.0,0.095756,0.0,0.193374,0.280672,0.0,0.0,0.0,0.0,0.0,0.0
